20
-1 0.95 -1 -1 -1 -1 -1 -1 -1 0.8 -1 -1 -1 -1 -1 -1 -1 -1 -1 0.95 
0.95 -1 0.95 -1 -1 -1 -1 -1 -1 -1 -1 -1 -1 -1 -1 -1 -1 -1 -1 -1 
-1 0.95 -1 0.95 -1 -1 -1 -1 -1 -1 -1 -1 -1 -1 -1 -1 -1 -1 -1 -1 
-1 -1 0.95 -1 0.95 -1 -1 -1 -1 -1 -1 -1 -1 -1 -1 -1 -1 -1 -1 -1 
-1 -1 -1 0.95 -1 0.95 -1 -1 -1 -1 -1 -1 -1 -1 0.7 -1 -1 -1 -1 -1 
-1 -1 -1 -1 0.95 -1 0.95 -1 -1 -1 -1 -1 -1 -1 -1 -1 -1 -1 -1 -1 
-1 -1 -1 -1 -1 0.95 -1 0.95 -1 -1 -1 -1 -1 -1 -1 -1 -1 -1 -1 -1 
-1 -1 -1 -1 -1 -1 0.95 -1 0.95 -1 -1 -1 -1 -1 -1 -1 -1 -1 -1 -1 
-1 -1 -1 -1 -1 -1 -1 0.95 -1 0.95 -1 -1 -1 -1 -1 -1 -1 -1 -1 -1 
0.8 -1 -1 -1 -1 -1 -1 -1 0.95 -1 0.95 -1 -1 -1 -1 -1 -1 -1 -1 -1 
-1 -1 -1 -1 -1 -1 -1 -1 -1 0.95 -1 0.95 -1 -1 -1 -1 -1 -1 -1 -1 
-1 -1 -1 -1 -1 -1 -1 -1 -1 -1 0.95 -1 0.95 -1 -1 -1 -1 -1 -1 -1 
-1 -1 -1 -1 -1 -1 -1 -1 -1 -1 -1 0.95 -1 0.95 -1 -1 -1 -1 -1 -1 
-1 -1 -1 -1 -1 -1 -1 -1 -1 -1 -1 -1 0.95 -1 0.95 -1 -1 -1 -1 -1 
-1 -1 -1 -1 0.7 -1 -1 -1 -1 -1 -1 -1 -1 0.95 -1 0.95 -1 -1 -1 -1 
-1 -1 -1 -1 -1 -1 -1 -1 -1 -1 -1 -1 -1 -1 0.95 -1 0.95 -1 -1 -1 
-1 -1 -1 -1 -1 -1 -1 -1 -1 -1 -1 -1 -1 -1 -1 0.95 -1 0.95 -1 -1 
-1 -1 -1 -1 -1 -1 -1 -1 -1 -1 -1 -1 -1 -1 -1 -1 0.95 -1 0.95 -1 
-1 -1 -1 -1 -1 -1 -1 -1 -1 -1 -1 -1 -1 -1 -1 -1 -1 0.95 -1 0.95 
0.95 -1 -1 -1 -1 -1 -1 -1 -1 -1 -1 -1 -1 -1 -1 -1 -1 -1 0.95 -1 
